MEMORY
  total            14.5 MB
  struct          159.0 KB
  buffer          306.9 KB
  arena            14.0 MB, used 0.2%

SIZES
  narena                14680064
  nbuffer               314240
  nplugin               0
  maxuse_stack          6336
  maxuse_arena          36464
  maxuse_con            11
  maxuse_efc            47
  ncon                  1
  ne                    1
  nf                    0
  nl                    2
  nefc                  7
  nJ                    63
  nA                    0
  nisland               0
  threadpool            0

TIMER
    0:  duration =  1.1        number = 9
    1:  duration =  1.1        number = 9
    2:  duration =  0          number = 0
    3:  duration =  0.96       number = 9
    4:  duration =  0.042      number = 9
    5:  duration =  0.011      number = 9
    6:  duration =  0.075      number = 9
    7:  duration =  0.031      number = 9
    8:  duration =  0.13       number = 9
    9:  duration =  0.023      number = 18
    10:  duration =  0.73       number = 9
    11:  duration =  0.071      number = 9
    12:  duration =  0.0016     number = 9
    13:  duration =  0.3        number = 9
    14:  duration =  0.32       number = 9

SOLVER STAT
  solver_fwdinv =   0         0       
  ISLAND 0
    solver_niter = 1
    solver_nnz = 81
      0:  improvement =  2.4e-14     gradient =  4.5e-16     lineslope =  0       
          nactive = 7   nchange = 0   neval = 2   nupdate = 0

ENERGY =   0         0       

TIME =  32      

QPOS
  -1.2e-20 
   0.0013  
  -3.3e-07 
  -0.07    
  -2.3e-05 
   0.19    
   0.0008  
  -5.5e-09 
   2.9e-07 

QVEL
   8.7e-20 
   2.3e-17 
   1.1e-19 
  -3.5e-15 
   3.3e-19 
   6.9e-15 
   5.9e-17 
  -2.7e-17 
   3.6e-18 

QACC_WARMSTART
  -1.6e-18 
  -2.8e-16 
  -5.2e-19 
   1.4e-15 
  -7.1e-17 
   8.4e-14 
   1.9e-14 
   4.8e-16 
  -4.7e-15 

CTRL
   0       
   0       
   0       
   0       
   0       
   0       
   0       
   0       

QFRC_APPLIED
   0       
   0       
   0       
   0       
   0       
   0       
   0       
   0       
   0       

XFRC_APPLIED
   0         0         0         0         0         0       
   0         0         0         0         0         0       
   0         0         0         0         0         0       
   0         0         0         0         0         0       
   0         0         0         0         0         0       
   0         0         0         0         0         0       
   0         0         0         0         0         0       
   0         0         0         0         0         0       
   0         0         0         0         0         0       
   0         0         0         0         0         0       
   0         0         0         0         0         0       
   0         0         0         0         0         0       
   0         0         0         0         0         0       
   0         0         0         0         0         0       
   0         0         0         0         0         0       
   0         0         0         0         0         0       
   0         0         0         0         0         0       
   0         0         0         0         0         0       
   0         0         0         0         0         0       
   0         0         0         0         0         0       
   0         0         0         0         0         0       
   0         0         0         0         0         0       
   0         0         0         0         0         0       
   0         0         0         0         0         0       

EQ_ACTIVE             1

QACC
  -1.6e-18 
  -2.8e-16 
  -5.2e-19 
   1.4e-15 
  -7.1e-17 
   8.4e-14 
   1.9e-14 
   4.8e-16 
  -4.7e-15 

XPOS
   0         0         0       
   0         0         0       
   0         0         0.33    
   0         0         0.33    
   0.0004    0         0.65    
   0.083    -2.7e-08   0.65    
   0.028    -9e-09     1       
   0.028    -9e-09     1       
   0.12     -2e-06     1       
   0.13     -2.5e-06   0.94    
   0.14     -2.7e-06   0.88    
   0.14     -2.5e-06   0.88    
   0.4       0         0.15    
   0.4       0         0.3     
   0.46      0         0.3     
   0.4       0         0.4     
   0.34      0         0.4     
   0.4       0         0.5     
   0.46      0         0.5     
   0.4       0         0.6     
   0.34      0         0.6     
   0.4       0         0.35    
   0.4       0         0.45    
   0.4       0         0.55    

XQUAT
   1         0         0         0       
   1         0         0         0       
   1         0         0        -6e-21   
   0.71     -0.71      0.00045   0.00045 
   1        -1.1e-10   0.00063  -1.7e-07 
   0.71      0.71      0.025    -0.025   
   1        -4e-07     0.035    -1.2e-05 
   0.71      0.71     -0.043     0.043   
  -2.3e-05   1        -0.00041   0.061   
   0.023     0.92      0.38      0.056   
   0.023     0.92      0.38      0.056   
  -0.056     0.38     -0.92      0.023   
   1         0         0         0       
   1         0         0         0       
   1         0         0         0       
   1         0         0         0       
   1         0         0         0       
   1         0         0         0       
   1         0         0         0       
   1         0         0         0       
   1         0         0         0       
   1         0         0         0       
   1         0         0         0       
   1         0         0         0       

XMAT
   1         0         0         0         1         0         0         0         1       
   1         0         0         0         1         0         0         0         1       
   1         1.2e-20   0        -1.2e-20   1        -0        -0         0         1       
   1        -0.0013    0         0         0         1        -0.0013   -1         0       
   1         3.3e-07   0.0013   -3.3e-07   1        -2.6e-26  -0.0013   -4.2e-10   1       
   1         0.071    -3.3e-07  -3.3e-07  -2.3e-08  -1        -0.071     1         4.2e-10 
   1         2.3e-05   0.071    -2.3e-05   1        -2.3e-08  -0.071    -1.6e-06   1       
   0.99     -0.12     -2.3e-05  -2.3e-05   4.4e-06  -1         0.12      0.99      1.6e-06 
   0.99     -0.00082   0.12     -0.00082  -1        -4.4e-06   0.12     -9.5e-05  -0.99    
   0.7       0.7       0.12      0.71     -0.71     -4.4e-06   0.086     0.085    -0.99    
   0.7       0.7       0.12      0.71     -0.71     -4.4e-06   0.086     0.085    -0.99    
  -0.7      -0.7       0.12     -0.71      0.71     -4.4e-06  -0.086    -0.085    -0.99    
   1         0         0         0         1         0         0         0         1       
   1         0         0         0         1         0         0         0         1       
   1         0         0         0         1         0         0         0         1       
   1         0         0         0         1         0         0         0         1       
   1         0         0         0         1         0         0         0         1       
   1         0         0         0         1         0         0         0         1       
   1         0         0         0         1         0         0         0         1       
   1         0         0         0         1         0         0         0         1       
   1         0         0         0         1         0         0         0         1       
   1         0         0         0         1         0         0         0         1       
   1         0         0         0         1         0         0         0         1       
   1         0         0         0         1         0         0         0         1       

XIPOS
   0         0         0       
  -0.041    -0.00014   0.05    
   0.0039    0.0021    0.29    
  -0.0031    0.0035    0.36    
   0.028     0.039     0.58    
   0.037    -0.027     0.76    
   0.013     0.041     1       
   0.089     0.011     1       
   0.13      0.0042    0.99    
   0.12     -0.0071    0.91    
   0.14     -2.7e-06   0.88    
   0.14     -2.5e-06   0.88    
   0.4       0         0.45    
   0.43      0         0.3     
   0.46     -0.0088    0.3     
   0.37      0         0.4     
   0.34     -0.0088    0.4     
   0.43      0         0.5     
   0.46     -0.0088    0.5     
   0.37      0         0.6     
   0.34     -0.0088    0.6     
   0.37      0.035     0.34    
   0.43      0.036     0.45    
   0.36     -0.03      0.54    

XIMAT
   1         0         0         0         1         0         0         0         1       
   0.13      0.0028    0.99      0.019    -1         0.00032   0.99      0.019    -0.13    
   0.013    -1        -0.0097    1         0.013    -0.027     0.028    -0.0094    1       
   0.43     -0.028     0.9       0.82     -0.41     -0.4       0.38      0.91     -0.15    
  -0.12     -0.94      0.33      0.93      0.0056    0.36     -0.34      0.35      0.87    
   0.45     -0.81      0.39     -0.69     -0.59     -0.42      0.56     -0.078    -0.82    
   0.94      0.27      0.22     -0.28      0.96      0.0038   -0.21     -0.064     0.98    
  -0.3      -0.008     0.95     -0.94     -0.17     -0.29      0.16     -0.99      0.042   
   0.96      0.075     0.27      0.12     -0.98     -0.14      0.26      0.17     -0.95    
   0.7       0.7       0.12      0.71     -0.71     -4.4e-06   0.086     0.085    -0.99    
   0.7       0.7       0.12      0.71     -0.71     -4.4e-06   0.086     0.085    -0.99    
  -0.7      -0.7       0.12     -0.71      0.71     -4.4e-06  -0.086    -0.085    -0.99    
   1         0         0         0        -1        -1.2e-16   0         1.2e-16  -1       
   2.2e-16  -0        -1         0         1        -0         1         0         2.2e-16 
   0         0.023     1         0        -1         0.023     1         0         0       
   2.2e-16   0         1         0         1         0        -1         0         2.2e-16 
   0         0.023     1         0        -1         0.023     1         0         0       
   2.2e-16  -0        -1         0         1        -0         1         0         2.2e-16 
   0         0.023     1         0        -1         0.023     1         0         0       
   2.2e-16   0         1         0         1         0        -1         0         2.2e-16 
   0         0.023     1         0        -1         0.023     1         0         0       
   0.49     -0.65      0.58      0.49     -0.35     -0.8       0.73      0.67      0.15    
   0.23     -0.79     -0.56     -0.13      0.55     -0.83      0.97      0.26      0.024   
  -0.44      0.47      0.77      0.38     -0.68      0.63      0.82      0.57      0.12    

XANCHOR
   0         0         0.33    
   0         0         0.33    
   0.0004    0         0.65    
   0.083    -2.7e-08   0.65    
   0.028    -9e-09     1       
   0.028    -9e-09     1       
   0.12     -2e-06     1       
   0.14     -2.7e-06   0.88    
   0.14     -2.7e-06   0.88    

XAXIS
   0         0         1       
   1.2e-20   1         2.2e-16 
   0.0013    0         1       
  -3.3e-07  -1         4.2e-10 
   0.071    -2.3e-08   1       
  -2.3e-05  -1         1.6e-06 
   0.12     -4.4e-06  -0.99    
   0.7      -0.71      0.085   
  -0.7       0.71     -0.085   

GEOM_XPOS
   0.4       0         0.075   
   0         0         0       
  -0.024     0.069     0.037   
  -0.025     0.073     0.037   
  -0.024    -0.065     0.063   
  -0.025    -0.073     0.063   
  -0.065    -0.066     0.048   
  -0.06      0.058     0.037   
   0.011    -0.072     0.046   
  -0.03     -3.4e-05   0.053   
  -0.025    -0.073     0.033   
  -0.024    -0.065     0.033   
   0.011     0.072     0.046   
  -0.029    -0.00088   0.057   
   2.2e-06  -0.032     0.27    
   1.1e-05  -0.031     0.26    
   9e-05     0.032     0.4     
   7.6e-05   0.031     0.4     
   0.042     0.024     0.61    
   0.022    -0.011     0.64    
   0.057    -0.011     0.59    
   0.078     0.08      0.64    
   0.045     0.025     0.61    
   0.062     0.011     0.71    
   0.044    -0.024     0.69    
   0.078    -0.08      0.65    
   0.023     0.011     0.66    
   0.047    -0.025     0.69    
   0.025     0.096     1       
   0.0098    0.1       0.93    
   0.02      0.044     0.93    
   0.014     0.02      0.83    
   0.019     0.08      0.92    
   0.028     0.069     1       
   0.055     0.0051    1       
   0.028    -0.053     1       
   0.12      0.00058   1.1     
   0.11      0.011     1.1     
   0.12      1.9e-06   1.1     
   0.11     -0.011     1.1     
   0.095     1e-06     1.1     
   0.081    -9.6e-07   1.1     
   0.13     -1.1e-06   1.1     
   0.027    -0.053     1       
   0.11      6.1e-05   1.1     
   0.11      1.1e-05   1.1     
   0.11      0.025     1.1     
   0.11     -0.025     1.1     
   0.035    -0.044     1       
   0.11      2.4e-05   1.1     
   0.085    -0.0084    1       
   0.078    -0.0062    1.1     
   0.17     -0.042     0.97    
   0.19     -0.018     0.97    
   0.094     0.032     0.96    
   0.089     0.037     0.96    
   0.088     0.038     0.96    
   0.14     -0.064     0.97    
   0.16     -0.041     0.99    
   0.12     -4.5e-05   0.97    
   0.14     -0.01      0.97    
   0.13     -1e-05     0.92    
   0.06      0.068     0.94    
   0.079     0.047     0.96    
   0.13     -0.0022    0.91    
   0.13     -4.7e-05   0.94    
   0.13      0.00043   0.92    
   0.15     -0.011     0.87    
   0.14     -0.0034    0.84    
   0.15     -0.011     0.87    
   0.14     -0.0039    0.84    
   0.15      0.0025    0.84    
   0.14     -0.0053    0.83    
   0.15      0.0025    0.85    
   0.14     -0.0053    0.84    
   0.13      0.011     0.87    
   0.14      0.0034    0.84    
   0.13      0.011     0.87    
   0.14      0.0039    0.84    
   0.14     -0.0025    0.83    
   0.14      0.0053    0.83    
   0.13     -0.0025    0.84    
   0.14      0.0053    0.85    
   0.4       0         0.45    
   0.43      0         0.3     
   0.46      0         0.3     
   0.43      0.01      0.3     
   0.43      0.025     0.3     
   0.45     -0.013     0.3     
   0.43     -0.035     0.3     
   0.46     -0.015     0.3     
   0.46     -0.045     0.3     
   0.48      0.01      0.3     
   0.49      0.03      0.3     
   0.5      -0.0075    0.3     
   0.52     -0.02      0.3     
   0.37      0         0.4     
   0.34      0         0.4     
   0.32      0.01      0.4     
   0.31      0.025     0.4     
   0.33     -0.013     0.4     
   0.32     -0.035     0.4     
   0.34     -0.015     0.4     
   0.34     -0.045     0.4     
   0.36      0.01      0.4     
   0.37      0.03      0.4     
   0.38     -0.0075    0.4     
   0.4      -0.02      0.4     
   0.43      0         0.5     
   0.46      0         0.5     
   0.43      0.01      0.5     
   0.43      0.025     0.5     
   0.45     -0.013     0.5     
   0.43     -0.035     0.5     
   0.46     -0.015     0.5     
   0.46     -0.045     0.5     
   0.48      0.01      0.5     
   0.49      0.03      0.5     
   0.5      -0.0075    0.5     
   0.52     -0.02      0.5     
   0.37      0         0.6     
   0.34      0         0.6     
   0.32      0.01      0.6     
   0.31      0.025     0.6     
   0.33     -0.013     0.6     
   0.32     -0.035     0.6     
   0.34     -0.015     0.6     
   0.34     -0.045     0.6     
   0.36      0.01      0.6     
   0.37      0.03      0.6     
   0.38     -0.0075    0.6     
   0.4      -0.02      0.6     
   0.38      0.04      0.34    
   0.37      0.03      0.35    
   0.44      0.025     0.44    
   0.43      0.045     0.45    
   0.37     -0.035     0.55    
   0.36     -0.025     0.54    

GEOM_XMAT
   1         0         0         0         1         0         0         0         1       
   1         0         0         0         1         0         0         0         1       
  -0.16     -0.99      0         0.99     -0.16      0         0         0         1       
   1         0         0         0         1         0         0         0         1       
   0.99      0        -0.17     -0.17      0        -0.99      0         1         0       
   1         0         0         0         1         0         0         0         1       
   0.16     -0.99      0         0.99      0.16      0         0         0         1       
   0        -1         0         1         0         0         0         0         1       
   0.16     -0.98     -0.12      0.99      0.16      0.022    -0.0026   -0.12      0.99    
  -0.42      0.0024    0.91     -0.0015   -1         0.0019    0.91     -0.00057   0.42    
   1         0         0         0         1         0         0         0         1       
   0.99      0        -0.15     -0.15      0        -0.99      0         1         0       
  -0.16     -0.98     -0.12      0.99     -0.16     -0.022     0.0025   -0.12      0.99    
  -0.36      0.0082    0.93      0.022    -1         0.017     0.93      0.027     0.36    
   1         0.0004   -1.1e-05  -0.00038   0.93     -0.37     -0.00014   0.37      0.93    
   1        -0.00072  -7.9e-05   0.00065   0.94     -0.34      0.00032   0.34      0.94    
   1         5.6e-05   0.0012    0.00039   0.93     -0.37     -0.0011    0.37      0.93    
   1         0.00041   0.001    -3.9e-05   0.94     -0.34     -0.0011    0.34      0.94    
  -0.73      0.15      0.67      0.18     -0.9       0.39      0.66      0.4       0.63    
   0.0011   -1         0.09     -0.49     -0.079    -0.87      0.87     -0.043    -0.49    
  -0.7      -0.71      0.0068    0.71     -0.7      -0.0056    0.0088    0.0009    1       
  -0.065    -0.61      0.79      1         0.0018    0.084    -0.053     0.79      0.61    
  -0.75      0.053     0.66      0.28     -0.88      0.38      0.61      0.47      0.64    
  -0.7      -0.71     -0.065    -0.71      0.7       0.006     0.041     0.05     -1       
   0.79      0.016     0.61      0.32     -0.86     -0.39      0.52      0.5      -0.69    
  -0.061    -0.67      0.74     -1        -0.0015   -0.084     0.057    -0.74     -0.67    
   0.062    -0.99     -0.12     -0.49      0.079    -0.87      0.87      0.11     -0.48    
   0.79      0.063     0.61      0.35     -0.86     -0.38      0.49      0.51     -0.7     
   0.00017  -1         0.073     1         0.0038    0.05     -0.05      0.073     1       
   1         2.3e-05   0.071    -2.3e-05   1        -2.3e-08  -0.071    -1.6e-06   1       
   1        -0.019     0.068     4.2e-05   0.96      0.27     -0.071    -0.27      0.96    
  -0.13     -0.99     -0.11     -0.59      0.16     -0.79      0.8      -0.038    -0.6     
  -0.013    -1         0.074     0.97      0.0053    0.24     -0.24      0.074     0.97    
   1         0.059     0.03      0.0052    0.38     -0.92     -0.066     0.92      0.38    
  -0.045    -0.38      0.92     -1        -0.009    -0.053     0.028    -0.92     -0.38    
  -2.3e-05  -0.99      0.12     -1         2.3e-05  -4.4e-06   1.6e-06  -0.12     -0.99    
   0.11     -0.15      0.98     -0.0098   -0.99     -0.15      0.99      0.0062   -0.11    
   0.99     -0.12     -2.3e-05  -2.3e-05   4.4e-06  -1         0.12      0.99      1.6e-06 
   0.99     -0.12     -2.3e-05  -2.3e-05   4.4e-06  -1         0.12      0.99      1.6e-06 
   0.99     -0.12     -2.3e-05  -2.3e-05   4.4e-06  -1         0.12      0.99      1.6e-06 
   0.99     -0.12     -2.3e-05  -2.3e-05   4.4e-06  -1         0.12      0.99      1.6e-06 
   0.99     -0.12     -2.3e-05  -2.3e-05   4.4e-06  -1         0.12      0.99      1.6e-06 
   0.99     -0.12     -2.3e-05  -2.3e-05   4.4e-06  -1         0.12      0.99      1.6e-06 
  -2.3e-05   0.12      0.99     -1        -4.4e-06  -2.3e-05   1.6e-06  -0.99      0.12    
   0.098     0.03      0.99     -6.5e-07  -1         0.03      1        -0.0029   -0.098   
   0.99     -0.12     -2.3e-05  -2.3e-05   4.4e-06  -1         0.12      0.99      1.6e-06 
   0.99     -0.12     -2.3e-05  -2.3e-05   4.4e-06  -1         0.12      0.99      1.6e-06 
   0.99     -0.12     -2.3e-05  -2.3e-05   4.4e-06  -1         0.12      0.99      1.6e-06 
  -0.099     0.13      0.99     -1        -0.0029   -0.1      -0.01     -0.99      0.13    
   0.099    -0.026     0.99     -6.8e-07  -1        -0.026     1         0.0025   -0.099   
   0.25      0.11      0.96     -0.97     -0.05      0.25      0.077    -0.99      0.097   
   0.14      0.25      0.96     -0.99      0.011     0.14      0.024    -0.97      0.25    
  -0.032    -0.72      0.69      0.15      0.68      0.72     -0.99      0.13      0.087   
   0.76     -0.029    -0.65      0.64      0.18      0.74      0.092    -0.98      0.15    
   0.7       0.12     -0.7       0.71     -4.4e-06   0.71      0.086    -0.99     -0.085   
   0.99     -0.00082   0.12     -0.00082  -1        -4.4e-06   0.12     -9.5e-05  -0.99    
   0.99     -0.00082   0.12     -0.00082  -1        -4.4e-06   0.12     -9.5e-05  -0.99    
  -0.64     -0.058     0.77     -0.76      0.15     -0.63     -0.078    -0.99     -0.14    
  -0.078    -0.71      0.7       0.2       0.68      0.71     -0.98      0.19      0.086   
   0.12     -0.0019    0.99      0.0032    1         0.0016   -0.99      0.0029    0.12    
   0.083    -0.7      -0.71      0.038    -0.71      0.71     -1        -0.086    -0.032   
   0.12     -0.7      -0.7      -4.4e-06  -0.71      0.71     -0.99     -0.086    -0.085   
   0.7       0.7      -0.14      0.71     -0.66      0.25      0.086    -0.27     -0.96    
   0.7       0.12     -0.7       0.71     -4.4e-06   0.71      0.086    -0.99     -0.085   
   0.7       0.13     -0.7       0.71     -0.0078    0.71      0.086    -0.99     -0.096   
   0.12     -0.65      0.75      0.00041   0.75      0.66     -0.99     -0.079     0.091   
   0.7       0.1      -0.7       0.71      0.018     0.71      0.085    -0.99     -0.06    
   0.71     -0.7       0.067    -0.71     -0.71      0.054     0.0092   -0.086    -1       
   0.7      -0.7       0.12     -0.71     -0.71     -4.4e-06   0.085    -0.086    -0.99    
   0.71     -0.7       0.067    -0.71     -0.71      0.054     0.0092   -0.086    -1       
   0.7       0.7       0.12      0.71     -0.71     -4.4e-06   0.086     0.085    -0.99    
   0.7       0.7       0.12      0.71     -0.71     -4.4e-06   0.086     0.085    -0.99    
   0.7       0.7       0.12      0.71     -0.71     -4.4e-06   0.086     0.085    -0.99    
   0.7       0.7       0.12      0.71     -0.71     -4.4e-06   0.086     0.085    -0.99    
   0.7       0.7       0.12      0.71     -0.71     -4.4e-06   0.086     0.085    -0.99    
  -0.69      0.7       0.17      0.71      0.71     -0.054    -0.16      0.086    -0.98    
  -0.7       0.7       0.12      0.71      0.71     -4.4e-06  -0.085     0.086    -0.99    
  -0.69      0.7       0.17      0.71      0.71     -0.054    -0.16      0.086    -0.98    
  -0.7      -0.7       0.12     -0.71      0.71     -4.4e-06  -0.086    -0.085    -0.99    
  -0.7      -0.7       0.12     -0.71      0.71     -4.4e-06  -0.086    -0.085    -0.99    
  -0.7      -0.7       0.12     -0.71      0.71     -4.4e-06  -0.086    -0.085    -0.99    
  -0.7      -0.7       0.12     -0.71      0.71     -4.4e-06  -0.086    -0.085    -0.99    
  -0.7      -0.7       0.12     -0.71      0.71     -4.4e-06  -0.086    -0.085    -0.99    
   1         0         0         0        -1        -1.2e-16   0         1.2e-16  -1       
   2.2e-16  -0        -1         0         1        -0         1         0         2.2e-16 
   2.2e-16  -0        -1         0         1        -0         1         0         2.2e-16 
   0.8       0.4       0.45      0.4       0.2      -0.89     -0.45      0.89      3.2e-16 
   1         0         0         0         1         0         0         0         1       
   0.96     -0.19      0.2      -0.19      0.038     0.98     -0.2      -0.98      3.3e-16 
   1         0         0         0         1         0         0         0         1       
   1        -0         0         0         2.2e-16   1        -0        -1         2.2e-16 
   1         0         0         0         1         0         0         0         1       
   0.8      -0.4      -0.45     -0.4       0.2      -0.89      0.45      0.89      2.2e-16 
   1         0         0         0         1         0         0         0         1       
   0.69      0.46     -0.55      0.46      0.31      0.83      0.55     -0.83      1.4e-16 
   1         0         0         0         1         0         0         0         1       
   2.2e-16   0         1         0         1         0        -1         0         2.2e-16 
   2.2e-16  -0        -1         0         1        -0         1         0         2.2e-16 
   0.8       0.4       0.45      0.4       0.2      -0.89     -0.45      0.89      3.2e-16 
   1         0         0         0         1         0         0         0         1       
   0.96     -0.19      0.2      -0.19      0.038     0.98     -0.2      -0.98      3.3e-16 
   1         0         0         0         1         0         0         0         1       
   1        -0         0         0         2.2e-16   1        -0        -1         2.2e-16 
   1         0         0         0         1         0         0         0         1       
   0.8      -0.4      -0.45     -0.4       0.2      -0.89      0.45      0.89      2.2e-16 
   1         0         0         0         1         0         0         0         1       
   0.69      0.46     -0.55      0.46      0.31      0.83      0.55     -0.83      1.4e-16 
   1         0         0         0         1         0         0         0         1       
   2.2e-16  -0        -1         0         1        -0         1         0         2.2e-16 
   2.2e-16  -0        -1         0         1        -0         1         0         2.2e-16 
   0.8       0.4       0.45      0.4       0.2      -0.89     -0.45      0.89      3.2e-16 
   1         0         0         0         1         0         0         0         1       
   0.96     -0.19      0.2      -0.19      0.038     0.98     -0.2      -0.98      3.3e-16 
   1         0         0         0         1         0         0         0         1       
   1        -0         0         0         2.2e-16   1        -0        -1         2.2e-16 
   1         0         0         0         1         0         0         0         1       
   0.8      -0.4      -0.45     -0.4       0.2      -0.89      0.45      0.89      2.2e-16 
   1         0         0         0         1         0         0         0         1       
   0.69      0.46     -0.55      0.46      0.31      0.83      0.55     -0.83      1.4e-16 
   1         0         0         0         1         0         0         0         1       
   2.2e-16   0         1         0         1         0        -1         0         2.2e-16 
   2.2e-16  -0        -1         0         1        -0         1         0         2.2e-16 
   0.8       0.4       0.45      0.4       0.2      -0.89     -0.45      0.89      3.2e-16 
   1         0         0         0         1         0         0         0         1       
   0.96     -0.19      0.2      -0.19      0.038     0.98     -0.2      -0.98      3.3e-16 
   1         0         0         0         1         0         0         0         1       
   1        -0         0         0         2.2e-16   1        -0        -1         2.2e-16 
   1         0         0         0         1         0         0         0         1       
   0.8      -0.4      -0.45     -0.4       0.2      -0.89      0.45      0.89      2.2e-16 
   1         0         0         0         1         0         0         0         1       
   0.69      0.46     -0.55      0.46      0.31      0.83      0.55     -0.83      1.4e-16 
   1         0         0         0         1         0         0         0         1       
   0.78      0.36      0.52      0.36      0.43     -0.83     -0.52      0.83      0.21    
   0.5       0.5       0.71      0.5       0.5      -0.71     -0.71      0.71      3.3e-16 
   0.41     -0.42     -0.81     -0.42      0.7      -0.58      0.81      0.58      0.12    
   0.76     -0.42     -0.49     -0.42      0.24     -0.87      0.49      0.87      1.1e-16 
   0.58     -0.49      0.65     -0.49      0.42      0.76     -0.65     -0.76      1.4e-16 
   0.43     -0.36      0.83     -0.36      0.78      0.52     -0.83     -0.52      0.21    

SITE_XPOS
   0.36      0         0.52    
   0.14     -3e-06     0.82    

SITE_XMAT
   1         0         0         0         1         0         0         0         1       
   0.7       0.7       0.12      0.71     -0.71     -4.4e-06   0.086     0.085    -0.99    

CAM_XPOS
   1         0         1       
   0.14     -2.9e-06   0.84    

CAM_XMAT
   0.53     -0.85     -5.6e-17   0.45      0.28      0.85     -0.72     -0.45      0.53    
   0.7       0.12     -0.7       0.71     -4.4e-06   0.71      0.086    -0.99     -0.085   

LIGHT_XPOS
   0.0092   -4.4e-07   2       
   0         0         1.5     

LIGHT_XDIR
   0         0        -1       
   0         0        -1       

SUBTREE_COM
   0.048     0.0055    0.6     
   0.033     0.0061    0.61    
   0.036     0.0063    0.63    
   0.049     0.0081    0.78    
   0.052     0.0084    0.8     
   0.062    -0.0041    0.89    
   0.082     0.015     0.99    
   0.11      0.0049    0.99    
   0.13     -0.0014    0.95    
   0.13     -0.0068    0.91    
   0.14     -2.7e-06   0.88    
   0.14     -2.5e-06   0.88    
   0.4      -0.0082    0.45    
   0.46     -0.0088    0.3     
   0.46     -0.0088    0.3     
   0.35     -0.0088    0.4     
   0.34     -0.0088    0.4     
   0.46     -0.0088    0.5     
   0.46     -0.0088    0.5     
   0.35     -0.0088    0.6     
   0.34     -0.0088    0.6     
   0.37      0.035     0.34    
   0.43      0.036     0.45    
   0.36     -0.03      0.54    

CDOF
   0         0         1        -0.0061    0.033     0       
   1.2e-20   1         2.2e-16   0.28      7.3e-18  -0.033   
   0.0013    0         1        -0.0061    0.032     7.7e-06 
  -3.3e-07  -1         4.2e-10   0.039    -1.3e-08  -0.05    
   0.071    -2.3e-08   1        -0.0061    0.035     0.00043 
  -2.3e-05  -1         1.6e-06   0.43     -9.9e-06   0.005   
   0.12     -4.4e-06  -0.99      0.0061    0.13      0.00074 
   0         0         0         0.7      -0.71      0.085   
   0         0         0        -0.7       0.71     -0.085   

CINERT
   0         0         0         0         0         0         0         0         0         0       
   0.2       0.2       0.0077   -0.00029  -0.026    -0.0022   -0.046    -0.0039   -0.35      0.63    
   1.2       1.2       0.013    -0.00072  -0.04      0.013    -0.14     -0.02     -1.6       5       
   0.048     0.067     0.029     0.01     -0.0018   -0.0011   -0.023    -0.0017   -0.16      0.65    
   0.043     0.039     0.014    -0.0042   -0.012    -0.0099   -0.016     0.11     -0.089     3.2     
   0.11      0.11      0.023     0.0013    0.0049    0.009     0.016    -0.12      0.53      3.6     
   0.22      0.22      0.011    -0.0013    0.0035   -0.016    -0.024     0.043     0.48      1.2     
   0.3       0.31      0.0097    0.00078  -0.04     -0.0033    0.094     0.0073    0.7       1.7     
   0.12      0.12      0.013     0.00065  -0.026    -0.00017   0.074    -0.0014    0.28      0.74    
   0.068     0.074     0.008     0.00014  -0.02      0.0028    0.067    -0.0096    0.22      0.73    
   0.0011    0.0013    0.00016   9.4e-06  -0.00042   2.5e-05   0.0015   -9.2e-05   0.0041    0.015   
   0.0011    0.0013    0.00016   9.4e-06  -0.00042   2.5e-05   0.0015   -9.2e-05   0.0041    0.015   
   0.00093   0.00093   2.9e-06   1.1e-06   4e-09    -7.3e-09  -0.00014   0.00025   8.9e-07   0.03    
   2.8e-05   2.9e-05   1.3e-06  -2.6e-07   4.8e-06   1.5e-06   3.2e-05   1e-05    -0.00019   0.0012  
   0.004     0.0047    0.001     6e-06     0.0015   -1.7e-05   0.01     -0.00011  -0.026     0.17    
   3.2e-06   5e-06     2e-06     3.5e-07  -2.1e-06   5.1e-07  -4.3e-05   1e-05    -6.2e-05   0.0012  
   0.00061   0.0013    0.00099  -7.4e-06  -0.00051  -5.6e-06  -0.01     -0.00011  -0.0085    0.17    
   3.2e-06   4.3e-06   1.3e-06  -2.6e-07  -1.6e-06  -5.1e-07   3.2e-05   1e-05     6.2e-05   0.0012  
   0.00061   0.0013    0.001     6e-06    -0.00052   5.6e-06   0.01     -0.00011   0.0085    0.17    
   2.8e-05   3e-05     2e-06     3.5e-07   6.4e-06  -1.5e-06  -4.3e-05   1e-05     0.00019   0.0012  
   0.004     0.0047    0.00099  -7.4e-06   0.0015    1.7e-05  -0.01     -0.00011   0.026     0.17    
   3.2e-05   2.9e-05   8.6e-06   4e-06    -7.9e-06   1.1e-05  -7.5e-05   0.0001   -0.00025   0.0023  
   6.2e-06   2.4e-06   8.6e-06  -3.5e-06   2.4e-07   2.3e-07   6.1e-05   0.00011  -5.5e-06   0.0024  
   2.4e-05   2.7e-05   7e-06    -2.9e-06   8.9e-06   5e-06    -9.7e-05  -5.3e-05   0.00023   0.0024  

TEN_LENGTH
   1.4e-07 

TEN_MOMENT
   0         0         0         0         0         0         0         0.5       0.5     

TENDON 0: 0 wrap points

ACTUATOR_LENGTH
  -1.2e-20 
   0.0013  
  -3.3e-07 
  -0.07    
  -2.3e-05 
   0.19    
   0.0008  
   1.4e-07 

actuator_moment
-----------
 x         |
  x        |
   x       |
    x      |
     x     |
      x    |
       x   |
        xx |
-----------

ACTUATOR_MOMENT
     0:  1       
     1:  1       
     2:  1       
     3:  1       
     4:  1       
     5:  1       
     6:  1       
     7:  0.5        8:  0.5     

CRB
   0         0         0         0         0         0         0         0         0         0       
   2.3       2.4       0.13      0.0065   -0.16     -0.0085   -3.5e-17   1.6e-17   3.9e-16   17      
   2.1       2.2       0.12      0.0068   -0.13     -0.0063    0.046     0.0039    0.35      17      
   0.91      0.93      0.11      0.0075   -0.092    -0.019     0.19      0.024     2         12      
   0.86      0.87      0.079    -0.0027   -0.09     -0.018     0.21      0.026     2.1       11      
   0.82      0.83      0.064     0.0016   -0.078    -0.008     0.23     -0.081     2.2       8       
   0.71      0.72      0.042     0.00033  -0.083    -0.017     0.21      0.039     1.7       4.4     
   0.49      0.51      0.031     0.0016   -0.087    -0.0006    0.24     -0.0038    1.2       3.2     
   0.19      0.2       0.021     0.00081  -0.047     0.0027    0.14     -0.011     0.51      1.5     
   0.071     0.077     0.0083    0.00016  -0.021     0.0029    0.07     -0.0098    0.23      0.76    
   0.0011    0.0013    0.00016   9.4e-06  -0.00042   2.5e-05   0.0015   -9.2e-05   0.0041    0.015   
   0.0011    0.0013    0.00016   9.4e-06  -0.00042   2.5e-05   0.0015   -9.2e-05   0.0041    0.015   
   0.01      0.013     0.004    -3.7e-06   0.0021    1.6e-05  -3.5e-18   4.9e-19   0         0.73    
   0.0041    0.0047    0.001     5.8e-06   0.0016   -1.5e-05   0.01     -0.0001   -0.026     0.17    
   0.004     0.0047    0.001     6e-06     0.0015   -1.7e-05   0.01     -0.00011  -0.026     0.17    
   0.00062   0.0013    0.00099  -7e-06    -0.00051  -5.1e-06  -0.01     -0.0001   -0.0086    0.17    
   0.00061   0.0013    0.00099  -7.4e-06  -0.00051  -5.6e-06  -0.01     -0.00011  -0.0085    0.17    
   0.00062   0.0013    0.001     5.8e-06  -0.00052   5.1e-06   0.01     -0.0001    0.0086    0.17    
   0.00061   0.0013    0.001     6e-06    -0.00052   5.6e-06   0.01     -0.00011   0.0085    0.17    
   0.0041    0.0047    0.00099  -7e-06     0.0015    1.5e-05  -0.01     -0.0001    0.026     0.17    
   0.004     0.0047    0.00099  -7.4e-06   0.0015    1.7e-05  -0.01     -0.00011   0.026     0.17    
   3.2e-05   2.9e-05   8.6e-06   4e-06    -7.9e-06   1.1e-05  -7.5e-05   0.0001   -0.00025   0.0023  
   6.2e-06   2.4e-06   8.6e-06  -3.5e-06   2.4e-07   2.3e-07   6.1e-05   0.00011  -5.5e-06   0.0024  
   2.4e-05   2.7e-05   7e-06    -2.9e-06   8.9e-06   5e-06    -9.7e-05  -5.3e-05   0.00023   0.0024  

QM
   0.24    
  -0.058     3.1     
   0.11     -0.057     0.2     
   0.023    -1.3       0.023     0.77    
   0.052    -0.046     0.052     0.024     0.15    
   0.0014    0.042     0.0014   -0.017     0.0013    0.15    
  -0.007    -0.00016  -0.007    -0.00046  -0.007    -0.0013    0.11    
  -0.0014    0.0056   -0.0014   -0.0024   -0.0013    0.0018    4.3e-19   0.11    
   0.0014   -0.0056    0.0014    0.0024    0.0013   -0.0018    4.3e-19             0.11    

QLD
     0:  0.18    
     0: -0.01       1:  1       
     0:  0.46       1: -0.096      2:  0.19    
     0:  0.019      1: -1.6        2:  0.019      3:  0.76    
     0:  0.36       1: -0.31       2:  0.35       3:  0.17       4:  0.15    
     0:  0.0086     1:  0.27       2:  0.0086     3: -0.11       4:  0.0085     5:  0.15    
     0: -0.066      1: -0.0015     2: -0.066      3: -0.0043     4: -0.065      5: -0.012      6:  0.11    
     0: -0.012      1:  0.049      2: -0.012      3: -0.021      4: -0.011      5:  0.015      6:  3.8e-18    7:  0.11    
     0:  0.012      1: -0.049      2:  0.012      3:  0.021      4:  0.011      5: -0.015      6:  3.8e-18    8:  0.11    

QLDIAGINV
   5.4     
   1       
   5.4     
   1.3     
   6.9     
   6.5     
   9.4     
   8.7     
   8.7     

QH
     0:  1.1     
     0: -0.011      1:  2.9     
     0:  0.11       1: -0.039      2:  0.9     
     0:  0.014      1: -0.85       2:  0.014      3:  1.5     
     0:  0.095      1: -0.083      2:  0.095      3:  0.045      4:  0.55    
     0:  0.0025     1:  0.075      2:  0.0025     3: -0.031      4:  0.0025     5:  0.55    
     0: -0.014      1: -0.00032    2: -0.014      3: -0.0009     4: -0.014      5: -0.0025     6:  0.51    
     0: -0.012      1:  0.046      2: -0.012      3: -0.02       4: -0.01       5:  0.014      6:  3.6e-18    7:  0.12    
     0:  0.012      1: -0.046      2:  0.012      3:  0.02       4:  0.01       5: -0.014      6:  3.6e-18    8:  0.12    

QHDIAGINV
   0.89    
   0.35    
   1.1     
   0.68    
   1.8     
   1.8     
   2       
   8.2     
   8.2     

B: body-dof matrix
-----------
 xxxxxxxxx |
 xxxxxxxxx |
 xxxxxxxxx |
 xxxxxxxxx |
 xxxxxxxxx |
 xxxxxxxxx |
 xxxxxxxxx |
 xxxxxxxxx |
 xxxxxxxxx |
 xxxxxxxxx |
 xxxxxxxx  |
 xxxxxxx x |
           |
           |
           |
           |
           |
           |
           |
           |
           |
           |
           |
           |
-----------

B_rownnz              9 9 9 9 9 9 9 9 9 9 8 8 0 0 0 0 0 0 0 0 0 0 0 0

B_rowadr              0 9 18 27 36 45 54 63 72 81 90 98 106 106 106 106 106 106 106 106 106 106 106 106

B_colind              0 1 2 3 4 5 6 7 8 0 1 2 3 4 5 6 7 8 0 1 2 3 4 5 6 7 8 0 1 2 3 4 5 6 7 8 0 1 2 3 4 5 6 7 8 0 1 2 3 4 5 6 7 8 0 1 2 3 4 5 6 7 8 0 1 2 3 4 5 6 7 8 0 1 2 3 4 5 6 7 8 0 1 2 3 4 5 6 7 8 0 1 2 3 4 5 6 7 0 1 2 3 4 5 6 8

M: inertia matrix
-----------
 x         |
 xx        |
 xxx       |
 xxxx      |
 xxxxx     |
 xxxxxx    |
 xxxxxxx   |
 xxxxxxxx  |
 xxxxxxx x |
-----------

M_rownnz              1 2 3 4 5 6 7 8 8

M_rowadr              0 1 3 6 10 15 21 28 36

M_colind              0 0 1 0 1 2 0 1 2 3 0 1 2 3 4 0 1 2 3 4 5 0 1 2 3 4 5 6 0 1 2 3 4 5 6 7 0 1 2 3 4 5 6 8

mapM2M                0 2 1 5 4 3 9 8 7 6 14 13 12 11 10 20 19 18 17 16 15 27 26 25 24 23 22 21 35 34 33 32 31 30 29 28 43 42 41 40 39 38 37 36

C: reduced dof-dof matrix
-----------
 x         |
 xx        |
 xxx       |
 xxxx      |
 xxxxx     |
 xxxxxx    |
 xxxxxxx   |
 xxxxxxxx  |
 xxxxxxx x |
-----------

C_rownnz              1 2 3 4 5 6 7 8 8

C_rowadr              0 1 3 6 10 15 21 28 36

C_colind              0 0 1 0 1 2 0 1 2 3 0 1 2 3 4 0 1 2 3 4 5 0 1 2 3 4 5 6 0 1 2 3 4 5 6 7 0 1 2 3 4 5 6 8

mapM2C                0 2 1 5 4 3 9 8 7 6 14 13 12 11 10 20 19 18 17 16 15 27 26 25 24 23 22 21 35 34 33 32 31 30 29 28 43 42 41 40 39 38 37 36

D: dof-dof matrix
-----------
 Dxxxxxxxx |
 xDxxxxxxx |
 xxDxxxxxx |
 xxxDxxxxx |
 xxxxDxxxx |
 xxxxxDxxx |
 xxxxxxDxx |
 xxxxxxxD  |
 xxxxxxx D |
-----------

D_rownnz              9 9 9 9 9 9 9 8 8

D_rowadr              0 9 18 27 36 45 54 63 71

D_colind              0 1 2 3 4 5 6 7 8 0 1 2 3 4 5 6 7 8 0 1 2 3 4 5 6 7 8 0 1 2 3 4 5 6 7 8 0 1 2 3 4 5 6 7 8 0 1 2 3 4 5 6 7 8 0 1 2 3 4 5 6 7 8 0 1 2 3 4 5 6 7 0 1 2 3 4 5 6 8

mapM2D                0 2 5 9 14 20 27 35 43 2 1 4 8 13 19 26 34 42 5 4 3 7 12 18 25 33 41 9 8 7 6 11 17 24 32 40 14 13 12 11 10 16 23 31 39 20 19 18 17 16 15 22 30 38 27 26 25 24 23 22 21 29 37 35 34 33 32 31 30 29 28 43 42 41 40 39 38 37 36

mapD2M                0 10 9 20 19 18 30 29 28 27 40 39 38 37 36 50 49 48 47 46 45 60 59 58 57 56 55 54 70 69 68 67 66 65 64 63 78 77 76 75 74 73 72 71

QDERIV
     0: -4.5e+02    1:  0          2:  0          3:  0          4:  0          5:  0          6:  0          7:  0          8:  0       
     0:  0          1: -4.5e+02    2:  0          3:  0          4:  0          5:  0          6:  0          7:  0          8:  0       
     0:  0          1:  0          2: -3.5e+02    3:  0          4:  0          5:  0          6:  0          7:  0          8:  0       
     0:  0          1:  0          2:  0          3: -3.5e+02    4:  0          5:  0          6:  0          7:  0          8:  0       
     0:  0          1:  0          2:  0          3:  0          4: -2e+02      5:  0          6:  0          7:  0          8:  0       
     0:  0          1:  0          2:  0          3:  0          4:  0          5: -2e+02      6:  0          7:  0          8:  0       
     0:  0          1:  0          2:  0          3:  0          4:  0          5:  0          6: -2e+02      7:  0          8:  0       
     0:  0          1:  0          2:  0          3:  0          4:  0          5:  0          6:  0          7: -3.5     
     0:  0          1:  0          2:  0          3:  0          4:  0          5:  0          6:  0          8: -3.5     

CONTACT
  0:
     dim           3
     geoms         32 : 66
     exclude       0
     efc_address   3
     solref         0.02      1       
     solimp         0.9       0.95      0.001     0.5       2       
     dist          -0.00056 
     includemargin  0       
     pos            0.053     0.059     0.88    
     frame          0.88     -0.46      0.13      0.45      0.89      0.068    -0.15      0         0.99    
     friction       1         1         0.005     0.0001    0.0001  
     mu             1       

EFC_TYPE
  0
  3
  3
  6
  6
  6
  6

EFC_ID
  0
  3
  7
  0
  0
  0
  0

EFC_J
   0         0         0         0         0         0         0         1        -1       
   0         0         0        -1         0         0         0         0         0       
   0         0         0         0         0         0         0         1         0       
   0         0         0         0         0         0.21      0.11      0         0       
   0         0         0         0         0         0.068    -0.084     0         0       
   0         0         0         0         0         0.14      0.014     0         0       
   0         0         0         0         0         0.14      0.017     0         0       

EFC_POS
  -3e-07   
  -0.00018 
  -5.5e-09 
  -0.00056 
  -0.00056 
  -0.00056 
  -0.00056 

EFC_MARGIN
   0       
   0       
   0       
   0       
   0       
   0       
   0       

EFC_FRICTIONLOSS
   0       
   0       
   0       
   0       
   0       
   0       
   0       

EFC_DIAGAPPROX
   17      
   3.9     
   8.7     
   0.74    
   0.74    
   0.74    
   0.74    

EFC_KBIP
   4.1e+04   4e+02     0.95     -0.047   
   2.8e+03   1.1e+02   0.9      -35      
   2.8e+03   1.1e+02   0.9      -0.0011  
   2.8e+03   1.1e+02   0.93     -89      
   2.8e+03   1.1e+02   0.93     -89      
   2.8e+03   1.1e+02   0.93     -89      
   2.8e+03   1.1e+02   0.93     -89      

EFC_D
   1.1     
   2.4     
   1       
   18      
   18      
   18      
   18      

EFC_R
   0.92    
   0.42    
   0.97    
   0.055   
   0.055   
   0.055   
   0.055   

TEN_VELOCITY
  -7.3e-18 

ACTUATOR_VELOCITY
   9.3e-20 
   2.3e-17 
   1.2e-19 
  -3.5e-15 
   3.7e-19 
   6.9e-15 
   5e-17   
  -7.3e-18 

CVEL
   0         0         0         0         0         0       
   0         0         0         0         0         0       
   0         0         9.3e-20  -5.7e-22   3.1e-21   0       
   2.8e-37   2.3e-17   9.3e-20   6.4e-18   3.1e-21  -7.6e-19 
   1.5e-22   2.3e-17   2.1e-19   6.4e-18   7e-21    -7.6e-19 
   1.3e-21   3.5e-15   2.1e-19  -1.3e-16   7e-21     1.7e-16 
   2.7e-20   3.5e-15   5.8e-19  -1.3e-16   2e-20     1.7e-16 
  -1.3e-19  -3.4e-15   5.9e-19   2.8e-15  -4.8e-20   2.1e-16 
   5.9e-18  -3.4e-15  -4.9e-17   2.8e-15   6.7e-18   2.1e-16 
   5.9e-18  -3.4e-15  -4.9e-17   2.8e-15   6.7e-18   2.1e-16 
   5.9e-18  -3.4e-15  -4.9e-17   2.8e-15   1.8e-17   2.1e-16 
   5.9e-18  -3.4e-15  -4.9e-17   2.8e-15   7.5e-18   2.1e-16 
   0         0         0         0         0         0       
   0         0         0         0         0         0       
   0         0         0         0         0         0       
   0         0         0         0         0         0       
   0         0         0         0         0         0       
   0         0         0         0         0         0       
   0         0         0         0         0         0       
   0         0         0         0         0         0       
   0         0         0         0         0         0       
   0         0         0         0         0         0       
   0         0         0         0         0         0       
   0         0         0         0         0         0       

CDOF_DOT
   0         0         0         0         0         0       
  -9.3e-20   1.1e-39   0         3.1e-40   2.6e-20  -5.7e-22 
   2.3e-17   1.2e-22  -2.9e-20   2.1e-22  -6.4e-18   1.4e-19 
   2.1e-19  -7.1e-26  -1.4e-22  -1.9e-18   8.3e-21  -7.3e-18 
   3.5e-15   1.4e-20  -2.5e-16   1.5e-18   1.4e-16   2.1e-17 
   5.9e-19  -1.3e-23   5.3e-20   1.9e-16   2.4e-19  -1.4e-15 
   3.4e-15  -6e-20     4.1e-16  -2.6e-18   2.8e-15   2.1e-17 
   0        -0         0        -3.3e-16  -3.5e-17   2.4e-15 
   0        -0         0         3.3e-16   3.5e-17  -2.4e-15 

QFRC_BIAS
   1.8e-32 
  -5.7     
   0.0012  
  -1.7     
   0.046   
   2.5     
  -0.0024  
   0.013   
  -0.013   

QFRC_SPRING
   0       
   0       
   0       
   0       
   0       
   0       
   0       
   0       
   0       

QFRC_DAMPER
  -9.3e-20 
  -2.3e-17 
  -1.2e-19 
   3.5e-15 
  -3.7e-19 
  -6.9e-15 
  -5e-17   
   1.6e-17 
  -1.1e-18 

QFRC_GRAVCOMP
   0       
   0       
   0       
   0       
   0       
   0       
   0       
   0       
   0       

QFRC_FLUID
   0       
   0       
   0       
   0       
   0       
   0       
   0       
   0       
   0       

QFRC_PASSIVE
  -9.3e-20 
  -2.3e-17 
  -1.2e-19 
   3.5e-15 
  -3.7e-19 
  -6.9e-15 
  -5e-17   
   1.6e-17 
  -1.1e-18 

EFC_VEL
  -1.7e-17 
   3.5e-15 
  -1.6e-17 
   1.5e-15 
   4.6e-16 
   9.8e-16 
   9.5e-16 

EFC_AREF
   0.012   
   0.44    
   1.4e-05 
   1.4     
   1.4     
   1.4     
   1.4     

SUBTREE_LINVEL
   0         0         0       
   0         0         0       
   0         0         0       
   0         0         0       
   0         0         0       
   0         0         0       
   0         0         0       
   0         0         0       
   0         0         0       
   0         0         0       
   0         0         0       
   0         0         0       
   0         0         0       
   0         0         0       
   0         0         0       
   0         0         0       
   0         0         0       
   0         0         0       
   0         0         0       
   0         0         0       
   0         0         0       
   0         0         0       
   0         0         0       
   0         0         0       

SUBTREE_ANGMOM
   0         0         0       
   0         0         0       
   0         0         0       
   0         0         0       
   0         0         0       
   0         0         0       
   0         0         0       
   0         0         0       
   0         0         0       
   0         0         0       
   0         0         0       
   0         0         0       
   0         0         0       
   0         0         0       
   0         0         0       
   0         0         0       
   0         0         0       
   0         0         0       
   0         0         0       
   0         0         0       
   0         0         0       
   0         0         0       
   0         0         0       
   0         0         0       

ACTUATOR_FORCE
   1.2e-17 
  -5.7     
   0.0012  
  -0.62    
   0.046   
  -12      
  -1.6     
  -1.4e-05 

QFRC_ACTUATOR
   1.2e-17 
  -5.7     
   0.0012  
  -0.62    
   0.046   
  -12      
  -1.6     
  -7.1e-06 
  -7.1e-06 

QFRC_SMOOTH
   1.2e-17 
   8.9e-16 
   1.2e-17 
   1.1     
   6.9e-18 
  -14      
  -1.6     
  -0.013   
   0.013   

QACC_SMOOTH
   0.23    
   3       
   0.3     
   4.1     
   0.19    
  -95      
  -16      
   1.3     
  -1.3     

EFC_B
   2.6     
  -4.6     
   1.3     
  -23      
  -6.5     
  -15      
  -15      

EFC_FORCE
   0.013   
   1.1     
   1.4e-05 
   26      
   26      
   26      
   26      

EFC_STATE
  1
  1
  1
  1
  1
  1
  1

QFRC_CONSTRAINT
   0       
   0       
   0       
  -1.1     
   0       
   14      
   1.6     
   0.013   
  -0.013   

QFRC_INVERSE
   0       
   0       
   0       
   0       
   0       
   0       
   0       
   0       
   0       

CACC
   0         0         0         0         0         0       
   0         0         0         0         0         0       
   0         0         0         0         0         0       
   0         0         0         0         0         0       
   0         0         0         0         0         0       
   0         0         0         0         0         0       
   0         0         0         0         0         0       
   0         0         0         0         0         0       
   0         0         0         0         0         0       
   0         0         0         0         0         0       
   0         0         0         0         0         0       
   0         0         0         0         0         0       
   0         0         0         0         0         0       
   0         0         0         0         0         0       
   0         0         0         0         0         0       
   0         0         0         0         0         0       
   0         0         0         0         0         0       
   0         0         0         0         0         0       
   0         0         0         0         0         0       
   0         0         0         0         0         0       
   0         0         0         0         0         0       
   0         0         0         0         0         0       
   0         0         0         0         0         0       
   0         0         0         0         0         0       

CFRC_INT
   0         0         0         0         0         0       
   0         0         0         0         0         0       
   0         0         0         0         0         0       
   0         0         0         0         0         0       
   0         0         0         0         0         0       
   0         0         0         0         0         0       
   0         0         0         0         0         0       
   0         0         0         0         0         0       
   0         0         0         0         0         0       
   0         0         0         0         0         0       
   0         0         0         0         0         0       
   0         0         0         0         0         0       
   0         0         0         0         0         0       
   0         0         0         0         0         0       
   0         0         0         0         0         0       
   0         0         0         0         0         0       
   0         0         0         0         0         0       
   0         0         0         0         0         0       
   0         0         0         0         0         0       
   0         0         0         0         0         0       
   0         0         0         0         0         0       
   0         0         0         0         0         0       
   0         0         0         0         0         0       
   0         0         0         0         0         0       

CFRC_EXT
   0         0         0         0         0         0       
   0         0         0         0         0         0       
   0         0         0         0         0         0       
   0         0         0         0         0         0       
   0         0         0         0         0         0       
   0         0         0         0         0         0       
   0         0         0         0         0         0       
   0         0         0         0         0         0       
   0         0         0         0         0         0       
   0         0         0         0         0         0       
   0         0         0         0         0         0       
   0         0         0         0         0         0       
   0         0         0         0         0         0       
   0         0         0         0         0         0       
   0         0         0         0         0         0       
   0         0         0         0         0         0       
   0         0         0         0         0         0       
   0         0         0         0         0         0       
   0         0         0         0         0         0       
   0         0         0         0         0         0       
   0         0         0         0         0         0       
   0         0         0         0         0         0       
   0         0         0         0         0         0       
   0         0         0         0         0         0       

TENDON_EFCADR         -1

